000009
000012
000015
000022
000025
000027
000029
000036
000038
000046
000049
000059
000066
000067
000083
000085
000086
000089
000090
000097
000102
000105
000110
000111
000112
000113
000115
000117
000122
000126
000133
000138
000142
000144
000150
000153
000154
000161
000164
000165
000170
000173
000178
000183
000187
000190
000193
000210
000220
000223
000240
000241
000244
000255
000256
000257
000274
000279
000281
000298
000299
000300
000301
000303
000304
000306
000309
000316
000329
000330
000336
000341
000350
000352
000355
000357
000358
000364
000386
000390
000407
000411
000419
000422
000428
000433
000439
000441
000444
000454
000461
000463
000471
000475
000477
000483
000499
000504
000510
000513
000516
000519
000525
000527
000528
000529
