000001
000002
000003
000004
000005
000006
000007
000010
000011
000013
000016
000018
000020
000021
000024
000026
000028
000030
000032
000033
000034
000035
000039
000040
000042
000043
000044
000047
000051
000052
000053
000054
000055
000056
000057
000060
000062
000063
000064
000068
000070
000071
000072
000074
000075
000076
000077
000078
000081
000082
000092
000094
000098
000099
000103
000104
000108
000109
000114
000116
000118
000119
000120
000123
000124
000125
000127
000128
000129
000130
000134
000135
000136
000137
000139
000140
000141
000143
000145
000146
000147
000148
000149
000151
000152
000155
000158
000159
000160
000162
000163
000166
000171
000172
000174
000175
000180
000181
000182
000184
000186
000189
000191
000192
000194
000195
000197
000200
000201
000202
000203
000204
000205
000206
000207
000209
000211
000212
000213
000214
000215
000218
000219
000224
000225
000226
000227
000229
000232
000234
000235
000236
000237
000238
000242
000243
000246
000249
000250
000252
000253
000258
000260
000261
000262
000264
000266
000268
000269
000270
000271
000272
000273
000275
000276
000277
000278
000280
000282
000283
000284
000285
000287
000288
000289
000290
000292
000293
000294
000295
000297
000302
000305
000307
000310
000311
000312
000313
000314
000315
000317
000320
000325
000326
000327
000328
000331
000335
000337
000338
000340
000342
000343
000344
000345
000348
000349
000353
000356
000359
000360
000361
000362
000363
000365
000366
000367
000368
000369
000370
000371
000372
000374
000375
000377
000379
000382
000383
000384
000385
000387
000388
000389
000391
000392
000394
000395
000396
000397
000398
000399
000400
000402
000403
000404
000405
000406
000409
000410
000412
000413
000414
000415
000416
000417
000420
000423
000424
000426
000427
000430
000431
000434
000436
000438
000440
000442
000443
000446
000448
000449
000450
000451
000452
000453
000455
000456
000458
000459
000460
000462
000464
000466
000467
000470
000474
000479
000480
000481
000482
000484
000485
000488
000489
000490
000492
000493
000494
000495
000497
000498
000502
000507
000508
000512
000514
000515
000517
000520
000521
000522
000523
000524
000526
000530
000531
000532
000533
